200044305
200052795
200053015
200053016
200053018
200053020
200053022
200055369
200055372
200055374
200060098
200060099
200060100
200060112
200061028
200061253
200061430
200061432
200061482
200061588
200061725
200061726
310003143
310003144
310003145
310003661
310005117
310005118
310005123
310005125
310005251
310005750
310005899
310006552
310006723
310006726
310009330
310009410
310009416
310009418
310009605
310009991
310011806
310011808
310011813
310011814
310011816
310011817
310011820
310014868
310014958
310014961
310014963
310014964
310016139
310016695
310016696
310016777
310016781
310017745
310017747
310017749
310019459
310019460
310019461
310019462
310019463
310019713
310019715
310019718
310020233
310020234
310020721
310021994
310025539
310025545
310026709
310028782
310028785
310028787
310028877
310031364
310031382
310031407
310034002
310035869
310036830
310039880
310040219
310040221
310040222
310040223
310040427
310040912
311001292
311001741
311001746
311001818
311001821
311001832
311001969
311002518
311002817
311002818
311004245
311007398
311007436
311007441
311008114
311008119
311009070
311009186
311011745
311011754
311013655
311013663
311013909
311014345
311014477
311014479
311014480
311014481
311014482
311014483
311014500
311014502
311014510
311014516
311014525
311014529
311014532
311014541
311014716
311014737
311014975
311015706
311015708
311015711
311015712
311015745
311015748
311016233
311016235
311016237
311016240
311016241
311016246
311016251
311016262
311016264
311016268
311016273
311016282
311016284
311016285
311017877
311017882
311017884
311017887
311017891
311017895
311017897
311017899
311018076
311019177
311020493
311020908
311020914
311020916
311020929
311020934
311020938
311020941
311020942
311020943
311020946
311020965
311021012
311021013
311021017
311021162
311021305
311023307
311023358
311023359
311023360
311023388
311023389
311023390
311023395
311024000
311024012
311024013
311024238
311024241
311024274
311025081
311025331
311025927
311025929
311025931
311025934
311025936
311025954
311028517
311028770
311028771
311028772
311028774
311028775
311028776
311029935
311029939
311030016
311030017
311030021
311030026
311030065
311030382
311030386
311030389
311030390
311030393
311030714
311030717
311030718
311030720
311031401
311031410
311031414
311031415
311031416
311031422
311031423
311031424
311031425
311031427
311031429
311031434
311031442
311031443
311031444
311031446
311031448
311031485
311033453
311034444
311034452
311034453
311034454
311034455
311034459
311034461
311034473
311034478
311034479
311034480
311034481
311034552
311034553
311034555
311034556
311034557
311034558
311034561
311034563
311034565
311034567
311034568
311034569
311034570
311034572
311034573
311034577
311034580
311034583
311034585
311034792
311034795
311034798
311034932
311035461
311035463
311035464
311035743
311035749
311035763
311035781
311036624
311036630
311036637
311036715
311036722
311036886
311036887
311036888
311036889
311036891
311036892
311036896
311037284
311037291
311037293
311037299
311037300
311037304
311037309
311037310
311039000
311039002
311039003
311039004
311039005
311039014
311039015
311039021
311039875
311039877
311039878
311040945
311040989
311042823
311042827
311044245
311044248
311044249
311044252
311044257
311044260
311044267
311044320
311046126
311046127
311046131
311046212
311046215
311046224
311046944
311046945
311046947
311046948
311046950
311046952
311046953
311046954
311047246
311047822
311047828
311047829
311047831
311047832
311047844
311047846
311049790
311050033
311050034
311050035
311050037
311050040
311050042
311050043
311050044
311050045
311050046
311050842
311050865
311050866
311051715
311051929
311051930
311051931
311051932
311051933
311051964
311051965
311051967
311051968
311052455
311053533
311053534
311053535
311053618
311053626
311053633
311053647
311054544
311054546
311056424
311056798
311056799
311056800
311056801
311056802
311056805
311056806
311056811
311056815
311056817
311056820
311056823
311057239
311057245
311057247
311057248
311057249
311057252
311057256
311057259
311057266
311057267
311057277
311057278
311057335
311057762
311057988
311057989
311057990
311058098
311058422
311059888
311060847
311060849
311060855
311060856
311060857
311060862
311060864
311060870
311061115
311061116
311061119
311062509
311062724
311062727
311062733
311062737
311062742
311062744
311062745
311063292
311063337
311063339
311063421
311063423
311063605
311063606
311063607
311063619
311063621
311063623
311063638
311063642
311063643
311063644
311063646
311063649
311063651
311063652
311063654
311063695
311063696
311064424
311067478
311067480
311067483
311068706
311068707
311068708
311068709
311068710
311068711
311068712
311068713
311068715
311068716
311068717
311068719
311068720
311070225
311070227
311070229
311070230
311071381
311071382
311071383
311071384
311072522
311073167
311074820
311074830
311074833
311074835
311074862
311074869
311074870
311074876
311074896
311074899
311074908
311074916
311074917
311074921
311074923
311074924
311074925
311074928
311074930
311075865
311075883
311075884
311075898
311075900
311075903
311075905
311075906
311075912
311075914
311076030
311076051
311076061
311078386
311078387
311078392
311079212
311079213
311079214
311079222
311079225
311079226
311079228
311079231
311079761
311079767
311079770
311082356
311083888
311083889
311083891
311083892
311084586
311084590
311085361
311085811
311086552
311086553
311086554
311086558
311086575
311086676
311086680
311086683
311087312
311087314
311087318
311087319
311087320
311087323
311087324
311087325
311087326
311087330
311087332
311087334
311087335
311087336
311087338
311087342
311087343
311087382
311087394
311087395
311087961
311087964
311087967
311087969
311087970
311087971
311087972
311087973
311087974
311087975
311087977
311087978
311087979
311087980
311087981
311087982
311087983
311088427
311088430
311088887
311089091
311089092
311089093
311089104
311089109
311089111
311089112
311089113
311089312
311089315
311089337
311089339
311089826
311089827
311089828
311089833
311089836
311089838
311089840
311089841
311089843
311090173
311090174
311090175
311090176
311090177
311090178
311090179
311090180
311090182
311090228
311090245
311090246
311090247
311090248
311090249
311090250
311090251
311090710
311090712
311091307
311091308
311091309
311091310
311091311
311091312
311091313
311091340
311091341
311091344
311091349
311091351
311091986
311091987
311091995
311091996
311092030
311092034
311092925
311092926
311092927
311092928
311092929
311092931
311092932
311092934
311092936
311092937
311093007
311093192
311093193
311093194
311093195
311093237
311093244
311093249
311093697
311093704
311093708
311093717
311093722
311093775
311093776
311093777
311093781
311093867
311093870
311093872
311093877
311093879
311093880
311093885
311093888
311093889
311093975
311093979
311093980
311094014
311094016
311094018
311094291
311094293
311094301
311094304
311094306
311094308
311094309
311094310
311094315
311094317
311094319
311094322
311094323
311095716
311095717
311095747
311095748
311095749
311095750
311095893
311095897
311095900
311095905
311095907
311095908
311095909
311096825
311097274
311097276
311097277
311097647
311097648
311098121
311098137
311098143
311098146
311098148
311098150
311098151
311098152
311099775
311099776
311099777
311099781
311099782
311099783
311099785
311099786
311099787
311099789
311099845
311099846
311099849
311099857
311100119
311100127
311100128
311100131
311100158
311100159
311100356
311100362
311100364
311100936
311100937
311100940
311100954
311100955
311100971
311100974
311100979
311100985
311101187
311101219
311101224
311101225
311101227
311101910
311102143
311102145
311102147
311103259
311103470
311103474
311104160
311105992
311105996
311105997
311105999
311106000
311106004
311106006
311106007
311106008
311107193
311107202
311107203
311107205
311107213
311107214
311107217
311107219
311107220
311107222
311107349
311107350
311107351
311107365
311107431
311111124
311111125
311111764
311111766
311111767
311111768
311111769
311111779
311111782
311111783
311111785
311112302
311112310
311112311
311112313
311112314
311112315
311112316
311112317
311112319
311112334
311112356
311112357
311112362
311112377
311112378
311112379
311112380
311112381
311112382
311112386
311112822
311116278
311116279
311116402
311116413
311117098
311117638
311117786
311117871
311117887
311117901
311117924
311117958
311118080
311118081
311118462
311118464
311118465
311118690
311120786
311120798
311120813
311120821
311121109
311127395
311127396
311127397
311127400
311127401
311127402
311127403
311127404
311127405
311127407
311127409
311129624
311129725
311129726
311129727
311129852
311129876
311129883
311129902
311129921
311129923
311129938
311129952
311130206
311130212
311130239
311130257
311130337
311130364
311130384
311131582
311132263
311132266
311132930
311132938
311132939
311132940
311132941
311133951
311133953
311133954
311135739
311135742
311135750
311138259
311139665
311139666
311139669
311139670
311139680
311139687
311139688
311139820
311140434
311141816
311141818
311142076
311142077
311142078
311142079
311142112
311142168
311142169
311142171
311143887
311143889
311143890
311143891
311143893
311143894
311143895
311143896
311145857
311145861
311145863
311145865
311145867
311145868
311145874
311145879
311145884
311145891
311145896
311145898
311145900
311145904
311145910
311145912
311145917
311145920
311145921
311145923
311145925
311145927
311145933
311145934
311145935
311145937
311145939
311145942
311145943
311145944
311145946
311145947
311145950
311145951
311145952
311145955
311145972
311145973
311145974
311145975
311145977
311145978
311145980
311145981
311145983
311145984
311146726
311146728
311146729
311146736
311147634
311147643
311149078
311149079
311150828
311150830
311150833
311150842
311150845
311150848
311150850
311150852
311150856
311150857
311150859
311150862
311150865
311150867
311150870
311152089
311152090
311152091
311152434
311152436
311152437
311152439
311152440
311152444
311152445
311152975
311152976
311152978
311153206
311153208
311153209
311153863
311153865
311153952
311153953
311153955
311154498
311154500
311154505
311154509
311155610
311155611
311155796
311155797
311155798
311155799
311155800
311155801
311158545
311158552
311158556
311158557
311158560
311159271
311159274
311159275
311159277
311159278
311159279
311159280
311159281
311159282
311159283
311159284
311159285
311159286
311159287
311159288
311159290
311159291
311159292
311159293
311159294
311159295
311159296
311159297
311159298
311159301
311159302
311159303
311159306
311159307
311159369
311159371
311159375
311159376
311159378
311159380
311159384
311159387
311159391
311159392
311159393
311159396
311159399
311159400
311159401
311159402
311159404
311159405
311159406
311159409
311159410
311159411
311159412
311159413
311159415
311159416
311160554
311160560
311160562
311160563
311160564
311160578
311160580
311161461
311161466
311161470
311161471
311161473
311161475
311161476
311161513
311161515
311161521
311161525
311162803
311162805
311164185
311164186
311164976
311164977
311165272
311165333
311165336
311165337
311165347
311165350
311165353
311165368
311165370
311165375
311167000
311168212
311168213
311168215
311168221
311168226
311168665
311168666
311168667
311168669
311168670
311168699
311168701
311168702
311168703
311168705
311168706
311168708
311168710
311170652
311170655
311174418
311174419
311174420
311174421
311174422
311174426
311174428
311174429
311174448
311174449
311174462
311174469
311175613
311177988
311177989
311178325
311178727
311179175
311179827
311179829
311180458
311180473
311180482
311180566
311181771
311182317
311182650
311182651
311182652
311182678
311184015
311184017
311184021
311184023
311184026
311184028
311185626
311185628
311185631
311186139
311187263
311198166
311205607
311207721
311207722
311207726
311207727
311207730
311207731
311207735
311207736
311219681
311219682
311224372
311224962
311225577
311226928
311226974
311227447
311227505
311231670
311231672
311231673
311231674
311231676
311232632
311232642
311238393
311238395
311238396
311238397
311238398
311238399
311238400
311238401
311238402
311238403
311238407
311238409
311238410
311244308
311244315
311244318
311244321
311244323
311244328
311244359
311244407
311244467
311244544
311244616
311244658
311244696
311244778
311244795
311244906
311244961
311245107
311251563
311256721
311258602
311265133
311266585
311267963
311279932
311279935
311279941
311279946
311279950
311279952
311279954
311279961
311279962
311279965
311279969
311279971
311279974
311279976
311279986
311279988
311279989
311279991
311279997
311280001
311280007
311280011
311280015
311280019
311280020
311280368
311280371
311280373
311280381
311280382
311280387
311280390
311280393
311280394
311280398
311280400
311280416
311280422
311280425
311288814
311288840
311288843
311288846
311291893
311291894
311291896
311291930
311291931
311291934
311291942
311291943
311292260
311300109
311300110
311300111
311300113
311300114
311300116
311300117
311300118
311300121
311300122
311307206
311307208
311325326
311326135
311326142
311326143
311326146
311326147
311326148
311326149
311332969
311334995
311335283
311338749
311338752
311338754
311338755
311338758
311338759
311338980
311338981
311360374
311360375
311360376
311361941
311362515
311362518
311362523
311362526
311362527
311362529
311362530
311362532
311362536
311363036
311363055
311363060
311363063
311363064
311363115
311363116
311363144
311363368
311363953
311363958
311363960
311363961
311363962
311363963
311363965
311363969
311364345
311364348
311364356
311364357
311364359
311364366
311364505
311364606
311364773
311364774
311364775
311365857
311365861
311365865
311365869
311365871
311373477
311373478
311373479
311374074
311374075
311374077
311374106
311374107
311374115
311374117
311374119
311374123
311374126
311375047
311375048
311375049
311375050
311377659
311377660
311377661
311377662
311377663
311377664
311377665
311377666
311377667
311377668
311377669
311378100
311378103
311381280
311381610
311381612
311396777
311419491
