311513873
311513873
311513873
311513873
311513873
311513873
311513873
311513873
311513873
311513873
311513873
311513873
311513873
311513873
311513873
311513873
311513873
311513873
311513873
311513873
311513873
311513873
311513873
311513873
311513873
311513873
311513873
311513873
311513873
311513873
311513873
311513873
311513873
311513873
311513873
311513873
311513873
311513873
311513873
311513873
311513873
311513873
311513873
311513873
311513873
311513873
311513873
311513873
311513873
311513873
311513873
311502367
311502367
311502367
311502367
311502367
311502367
311502367
311502367
311502367
311502367
311502367
311502367
311502367
311502367
311502367
311502367
311502367
311502367
311502367
311502367
311502367
311502367
311502367
311502367
311502367
311502367
311502367
311502367
311502367
311502367
311502367
311502367
311502367
311502367
311502367
311502367
311502367
311502367
311502367
311502367
311502367
311502367
311502367
311502367
311502367
311502367
311502367
311502367
311502367
311502367
311502367
311502367
311513876
311513876
311513876
311513876
311513876
311513876
311513876
311513876
311513876
311513876
311513876
311513876
311513876
311513876
311513880
311513880
311513880
311513880
311513880
311513878
311513878
311513878
311513878
311513878
311513872
311513872
311513872
311513872
311513872
311513872
311513872
311513872
311513872
311513872
311513872
311513872
311513872
311513872
311513872
311513872
311513872
311525405
311525405
311525405
311525405
311525405
311525405
311525403
311525403
311525403
311525403
311525403
311525403
311525403
311525403
311525403
311525403
311525403
311525403
311525403
311525403
311525403
311525403
311525403
311525403
311525403
311525403
311525403
311525403
311525403
311525403
311525403
311525403
311525403
311525403
311525403
311525403
311525403
311525403
311525403
311525403
311525403
311525403
311525403
311525403
311525403
311525403
311525403
311525403
311525403
311525403
311525403
311525403
311525403
311525403
311525403
311525402
311525402
311525402
311525402
311525402
311525402
311525402
311525401
311525401
311525401
311525401
311525401
311525401
311525401
311525401
311525401
311507977
311507977
311507977
311507977
311507977
311507977
311507977
311507977
311507977
311507977
311507977
311507977
311507977
311507977
311507977
311507977
311507977
311507977
311507977
311507977
311507976
311507976
311507976
311507976
311507976
311507976
311507976
311507976
311507976
311507976
311507976
311507976
311507976
311507976
311507976
311507976
311507976
311507976
311507976
311507976
311507976
311507976
311507976
311507976
311507976
311507976
311507976
311507976
311507976
311507976
311507976
311507976
311507976
311507976
311507976
311507976
311507976
311507976
311507976
311507976
311507976
311507976
311507976
311507976
311507976
311507976
311507976
311507976
311507976
311507976
311507986
311507986
311507986
311507984
311507984
311507982
311507982
311507982
311507981
311507981
311507981
311507981
311507980
311507980
311507980
311507980
311507980
311520451
311520451
311520451
311520451
311520451
311520451
311520451
311520451
311520451
311520451
311520451
311520451
311520451
311520451
311520451
311520451
311520451
311520451
311520451
311520451
311520451
311520451
311520451
311520451
311520451
311520451
311520451
311520451
311520451
311520451
311520451
311520451
311520451
311520451
311520451
311520451
311520451
311520451
311520451
311520451
311520451
311520451
311520451
311520451
311520451
311520451
311520451
311520451
311520451
311520451
311520451
311520451
311520451
311520451
311520451
311520451
311520451
311520451
311520451
311520451
311520451
311520451
311520451
311520451
311520451
311520451
311520451
311520451
311520451
311520449
311520449
311520449
311520449
311520449
311520449
311520449
311520449
311520449
311520449
311520448
311520448
311520448
311520448
311520448
311520448
311520448
311520448
311520448
311520448
311520448
311520448
311520448
311520448
311520448
311520448
311520448
311520448
311520448
311520448
311520448
311520448
311520448
311534681
311534681
311534681
311534681
311534681
311534681
311534681
311534681
311534681
311534681
311534681
311534681
311534677
311534677
311534677
311534677
311534677
311534549
311534549
311534549
311534549
311534549
311534549
311534549
311534549
311534549
311534549
311534549
311534549
311534549
311534549
311534549
311534549
311534549
311534549
311534549
311534549
311534549
311534549
311534546
311534546
311534546
311534546
311534546
311534546
311534546
311534546
311534546
311534546
311534546
311534546
311534546
311534545
311534545
311534545
311534545
311534545
311534545
311534545
311534545
311534545
311534545
311534545
311534545
311534545
311534545
311534545
311534545
311534545
311534545
311534545
311534545
311534545
311534545
311531956
311531956
311531956
311531956
311531956
311531956
311531956
311531956
311531956
311531956
311531956
311531956
311531956
311531956
311531956
311531956
311531956
311531956
311531956
311531956
311531956
311531956
311531956
311531956
311531956
311531956
311531956
311531956
311531956
311531956
311531956
311531956
311531956
311531956
311531956
311531956
311531956
311531956
311531956
311531956
311531956
311531956
311531956
311514701
311514701
311514701
311514701
311514701
311514701
311514701
311514701
311514701
311514701
311514701
311514701
311514701
311514701
311514701
311514701
311514701
311514701
311514701
311514701
311514701
311514701
311514701
311514701
311514701
311526272
311526272
311526272
311526272
311526272
311526272
311526272
311526272
311526272
311526272
311526272
311526272
311526272
311526271
311526271
311526271
311526271
311526271
311526271
311526271
311526271
311526271
311526271
311526271
311526271
311526271
311526271
311526271
311526270
311526270
311526270
311526270
311526270
311526270
311526270
311526270
311526270
311526270
311526270
311526269
311526269
311526269
311526269
311526269
311526269
311526269
311526268
311526268
311526268
311526268
311526268
311526268
311526267
311526267
311526267
311526267
311526267
311526267
311526267
311526267
311526267
311526267
311526267
311526267
311526267
311526267
311526267
311526267
311526267
311526267
311526267
311526267
311526266
311526266
311526266
311526266
311526266
311526266
311526266
311526266
311526266
311526266
311526266
311526266
311526266
311526266
311526266
311526266
311526266
311526266
311522395
311522395
311522395
311522395
311522394
311522394
311522394
311522394
311522394
311522394
311522394
311522394
311522394
311522394
311522394
311522394
311522394
311522394
311522394
311522394
311522394
311522394
311522394
311522394
311522394
311525852
311525852
311525852
311525852
311525852
311525852
311525852
311525852
311525852
311525852
311525852
311525852
311525852
311525852
311525852
311525852
311525852
311525852
311525852
311525852
311539272
311539272
311539272
311539272
311539272
311539272
311539269
311539269
311539269
311539269
311539269
311539269
311539269
311539175
311539175
311539175
311539175
311539175
311539175
311539175
311539175
311539175
311539175
311539175
311539174
311539174
311539174
311539174
311539174
311539174
311539174
311539174
311539174
311539174
311539174
311539174
311539174
311539174
311539174
311539174
311539174
311539174
311539174
311539174
311539174
311538599
311538599
311538599
311538599
311538599
311538599
311538599
311538599
311538599
311538599
311538599
311538599
311538599
311538599
311538599
311538599
311538599
311538599
311538599
311538599
311538599
311538599
311538599
311538599
311538599
311538599
311538599
311538599
311538599
311538599
311538599
311538599
311538599
311538599
311538599
311538599
311538599
311538599
311538599
311538599
311538599
311538599
311538599
311538599
311538599
311538599
311538599
311538599
311538599
311538599
311538599
311538599
311534182
311534182
311534182
311534182
311534182
311534182
311534182
311534182
311534182
311534182
311534182
311534182
311534182
311533133
311533133
311533133
311533133
311533133
311533132
311533132
311533132
311533132
311533132
311533132
311533132
311533839
311533839
311533839
311533839
311533839
311533838
311533838
311533838
311533838
311533838
311533569
311533569
311533569
311533569
311533569
311533569
311533569
311533569
311533569
311533569
311534676
311534676
311534676
311534676
311534676
311534181
311534181
311534181
311534181
311534181
311534181
311534181
311534181
311534181
311534181
311534181
311534181
311534181
311534181
311534181
311534181
311534181
311534181
311534181
311534181
311534181
311534181
311534181
311534181
311534181
311534181
311532866
311536815
311536815
311536815
311536815
311536815
311536815
311536815
311536815
311536815
311536815
311536815
311536815
311536815
311536815
311536815
311536815
311536815
311536815
311536815
311536815
311536815
311536815
311536815
311536815
311536815
311536815
311536815
311536815
311536815
311536815
311536815
311536815
311536815
311536815
311536815
311536815
311536815
311536815
311536815
311536815
311536815
311536815
311536815
311536815
311536815
311536815
311536815
311536815
311536815
311536815
311536815
311534561
311534561
311534561
311534561
311534561
311534561
311534561
311534561
311534561
311534561
311534561
311534561
311534561
311534561
311534561
311534561
311534561
311534561
311534561
311534561
311534561
311534561
311534564
311534564
311534564
311534563
311534563
311534563
311534563
311534563
311534559
311534559
311534559
311534559
311534559
311534559
311534559
311534559
311534559
311534557
311534557
311534557
311534557
311534557
311534557
311534557
311534557
311534557
311534557
311534557
311534557
311534555
311534555
311534555
311534555
311534555
311534555
311534555
311534555
311534555
311534555
311534555
311534555
311534555
311534555
311536755
311536755
311536755
311536755
311536755
311536755
311536755
311536755
311536755
311536755
311536755
311536755
311536755
311536755
311536755
311534458
311534458
311534458
311534458
311534458
311534458
311534458
311534458
311534458
311534458
311534554
311534554
311534554
311534554
311534554
311534554
311534554
311534554
311534554
311534554
311534554
311534554
311534554
311534554
311534554
311534554
311502366
311502366
311502366
311502366
311502366
311502366
311502366
311541554
311541554
311541554
311541554
311541554
311541554
311541554
311541554
311541554
311541553
311541553
311541553
311541553
311541553
311541553
311541553
311541553
311541553
311541553
311541553
311541553
311541553
311541553
311541553
311541553
311541553
311541553
311541553
311541553
311541553
311541553
311541553
311537311
311537311
311537311
311537311
311537311
311537311
311537311
311537311
311537312
311537312
311537312
311537312
311537312
311537312
311537312
311537312
311537312
311537312
311537312
311537312
311537312
311537312
311537312
311537312
311537312
311537312
311537312
311537312
311537312
311537312
311537312
311537312
311543099
311543099
311543099
311543099
311543099
311543099
311543099
311543099
311543099
311543099
311543099
311543099
311543099
311543099
311543099
311543099
311543099
311543099
311543099
311543099
311543099
311543099
311543099
311543099
311543099
311543099
311543099
311543099
311543099
311543099
311543099
311543099
311543099
311543099
311543099
311543099
311543099
311543099
311543101
311543101
311543101
311543101
311543101
311543101
311543101
311543101
311543101
311543101
311543101
311543101
311543101
311543101
311543101
311543101
311543101
311543101
311543101
311543101
311543101
311543100
311543100
311543100
311543100
311543100
311543100
311543100
311543100
311543100
311543100
311543100
311543100
311543100
311543100
311543100
311543100
311543100
311543100
311543100
311543100
311543100
311543100
311543100
311543100
311543100
311543100
311543100
311543100
311543100
311543100
311543100
311543100
311543100
311543100
311543100
311543100
311543100
311543100
311543100
311543100
311543100
311542625
311542625
311542625
311542625
311542625
311543427
311543427
311543427
311543427
311543427
311543427
311543427
311543427
311543427
311543427
311543427
311543427
311543427
311543427
311543427
311543427
311543427
311543427
311543427
311543427
311543427
311543427
311544517
311544515
311544515
311544515
311544515
311544515
311544515
311544514
311544514
311544514
311544514
311544514
311544514
311544514
311544514
311544514
311544514
311544514
311544514
311544512
311544512
311544512
311544512
311544512
311544512
311544512
311544512
311544512
311544512
311544512
311544512
311544512
311544512
311544512
311544511
311544511
311544511
311544511
311544511
311551273
311551273
311551273
311551273
311551273
311551273
311551273
311551273
311551273
311551273
311551273
311551273
311551270
311551270
311551270
311551270
311551270
311551270
311551270
311551270
311551270
311551270
311551270
311551270
311551270
311551270
311551270
311551270
311551270
311551270
311551270
311551270
311551270
311551270
311551270
311551270
311551270
311551270
311551270
311551270
311551270
311551270
311551270
311551270
311551270
311551270
311551270
311551270
311551270
311551270
311551270
311551270
311551269
311551269
311551269
311551269
311551269
311551269
311551269
311551269
311551269
311551269
311551269
311551269
311551269
311551269
311551269
311551269
311551269
311551269
311551269
311551269
311551269
311551269
311551269
311551269
311551269
