311255515
311005688
311005688
311131677
311229591
311448513
311448513
200047153
200047153
311284167
311284152
310041498
200040395
311452151
200035176
311208156
311452047
311452047
311238426
311413338
311061199
311047059
311047059
310036906
311045624
311045625
311045626
200058436
200058435
200042450
311197998
200007431
311061113
311061113
311061114
311061113
311528671
311188164
310023251
310023251
310023251
310023251
311351200
200007552
310034769
311236085
200045920
200045920
200045920
200045920
200045924
200042504
200046118
311258888
311046994
311197819
311175453
311049767
310040979
200043453
310018825
311536448
200043958
311452646
311452646
311178294
311178293
311535633
200060285
311150954
200027579
311537122
311284155
311259026
200052820
311238163
311406114
311184969
311184969
311184969
311184960
200007539
311043747
311037537
311043747
311156366
311385033
311413828
200044425
311277195
311229635
200042300
310039030
200041061
311480222
311127420
200047090
100212741
100212741
311330027
200039866
200039870
200044187
200039359
311522304
311274976
311274976
200039871
311254974
311523321
200042591
200049979
311284156
311284156
200045007
200045008
311276466
200044419
200046793
200043379
200043407
200043411
200042589
200040652
200044795
200044796
200045641
200044869
200044872
311081419
311458579
311141605
311152824
311201078
311458722
311458722
311457759
311164428
311157121
311157121
311152925
311152925
311152930
311199346
311200363
311134747
311269298
311457760
311457761
311457760
311457760
311457761
311457760
200006607
311134982
311461166
311176947
311176947
311176947
311176947
311176947
311176947
200051013
200040936
311134745
311342474
311526016
311523896
311523897
311519231
311143003
311073993
200041847
311519230
200045014
200047473
200051424
200051430
311084660
311084660
