Ejendomsnr. BBR
347
24289
49621
49621
98460
196108
4709
194956
90540
49400
111068
111130
196298
190752
30335
59449
165397
38972
192441
195015
163602
7775
7775
177468
98355
59449
159494
8577
20518
54536
2684
195753
174019
199037
18661
41876
195030
192439
159486
175856
2641
196831
177476
47882
82858
164439
159400
53025
195998
44840
24726
195486
195486
13759
69169
82815
168590
195719
148999
87957
92578
199139
45863
151965
102956
199114
191272
197398
155596
185050
146104
165532
195473
192113
174434
146155
162223
134300
83021
83102
60951
159729
192439
68294
36929
36910
48250
62431
95534
140556
190441
49710
49737
195918
198160
190059
179622
189711
189740
195975
195975
190868
42791
191944
110495
192666
62113
89232
193263
198708
194397
194435
38972
25587
169899
28470
4709
195897
197398
195897
5721
36961
38921
31420
190871
190892
193314
194988
193298
96875
59392
10237
82823
17460
17509
17460
41817
17479
189509
80286
80286
17460
189760
14577
30025
68316
77684
160085
171427
38972
13627
38972
48285
41655
49125
116558
49796
188389
185271
190051
194618
191742
191742
66119
65007
38972
38972
33423
147941
15379
15379
117317
18661
169422
60129
98584
45952
2641
190441
192535
194380
191744
195002
195883
197400
199294
66119
41817
174264
5209
82769
164854
191744
183026
197812
38972
198160
61222
23355
69371
69436
198879
30580
197579
111238
194843
23355
49710
66119
66119
82955
4709
87566
68294
6922
10210
89828
160522
160085
45146
192317
147100
138659
195469
198541
197408
49796
62113
38972
89828
192527
178030
24289
199341
147453
38972
001605
14690
164137
2668
93701
77056
45510
192090
192084
82467
25587
46363
196298
198578
5195
470
470
49885
169139
166261
10423
38972
171028
5209
38972
45502
45510
69487
38792
14453
86721
140556
72623
194675
7155
89178
137563
7619
80308
50638
66798
49621
49974
88341
169996
194841
18815
101445
101445
188631
197579
49621
193298
1605
174507
5799
41876
195417
95518
96360
98339
47181
197812
197813
1754
4709
46207
14879
192441
049125
44891
1184
1184
1184
1184
24823
189548
190698
192668
190732
170854
52126
98339
87833
14860
198808
197398
195968
190060
197813
7775
151973
41175
167454
4709
198065
195959
64701
198801
195839
195839
195883
195968
198160
87833
98614
70701
117058
46207
46029
46002
45952
45960
49761
31501
29345
152996
192527
191742
102956
195685
164080
195507
196959
30858
195905
191742
197576
2641
190892
190892
194786
